0    0   1
    0.990418    0.0135291    -0.137435   0.00514143
  -0.0132381     0.999908   0.00303189 -0.000204386
    0.137464  -0.00118347     0.990506  -0.00242201
           0            0            0            1